529120576079
296022769723
68802443599
76078076777
480616032991
176155659587
947873523473
809589029573
387074784751
238102333409
598093564169
539604726779
164461865189
674774634013
464062006657
742573566139
946437590083
335768084011
189977647973
969651060803
43542721421
109487160313
521818323277
77308555579
881360033531
502215835669
953951835449
998696358133
326120300057
150856037201
918229898447
907423822973
255469808497
659671104997
284989807147
708431345161
375132077953
938185177889
127564950109
489838585813
187227741697
377110285169
992888403103
67713898981
22442231561
207757234183
505462879517
553277646401
612341235019
6298346317
737026920037
673191060203
75848080019
780338794057
182873167391
439677694633
456780037817
22965334939
297941569183
129237542009
131647133369
146759597471
601150028519
968980043573
995062312589
220346730347
755456078477
236183743573
638868181823
938928675871
207160579151
120319535443
679327900751
173695907971
455372788243
236312983061
592284781019
67432104059
451821492917
768805461143
241282709279
414928891031
757346844521
970180077649
770112161699
750762287567
78471170027
305679248041
881555783161
167076548603
934413592921
497842174363
820698394231
888475070683
84414734689
97653216743
568284972193
277911979769
542621728843
101955089833
801072289697
850096844039
527360563963
687110232521
623017374769
728898085957
614809673741
