529120576079
296022769723
68802443599
76078076777
176155659587
480616032991
947873523473
238102333409
387074784751
809589029573
674774634013
598093564169
464062006657
539604726779
164461865189
946437590083
742573566139
335768084011
189977647973
43542721421
109487160313
969651060803
521818323277
77308555579
502215835669
953951835449
881360033531
998696358133
150856037201
326120300057
918229898447
907423822973
659671104997
255469808497
284989807147
375132077953
127564950109
708431345161
938185177889
489838585813
377110285169
187227741697
992888403103
67713898981
22442231561
207757234183
553277646401
505462879517
6298346317
737026920037
612341235019
673191060203
780338794057
75848080019
182873167391
456780037817
22965334939
297941569183
439677694633
601150028519
131647133369
146759597471
968980043573
995062312589
129237542009
755456078477
220346730347
638868181823
236183743573
938928675871
236312983061
679327900751
120319535443
455372788243
173695907971
592284781019
67432104059
207160579151
451821492917
768805461143
241282709279
414928891031
757346844521
78471170027
970180077649
770112161699
305679248041
750762287567
167076548603
881555783161
497842174363
820698394231
888475070683
934413592921
84414734689
97653216743
277911979769
542621728843
568284972193
421167197327
801072289697
101955089833
527360563963
850096844039
623017374769
687110232521
728898085957
614809673741
